{
 "cells": [
  {
   "cell_type": "markdown",
   "metadata": {
    "collapsed": true,
    "deletable": true,
    "editable": true
   },
   "source": [
    "## Soft Cosine Similarities\n",
    "\n",
    "How does each compound compare itself with the ISO-106 in full space and subspaces? Plot discuss.\n",
    "\n",
    "Cosine similarity doesn't care about scalers, so the quantities of these chemical features will not effect the way it distinguishes. Cosine similarity only cares about direction. How far is the angle between these two vectors? Does there happen to be a single dimension we wish to capture with these data, if so, how do each of these data stand up when projected onto the OMS-S-106 vector in light of the dimensions interesting. This could give contributions only in the direction that matters. (Think football field, passing laterally is unimportant, but toward the goal is priceless. How many yards did each pass (observation) project in the \"toward the goal\" direction? Map it onto a vector you know pointed that direction, and see how everyone sizes up.)\n",
    "\n",
    "\n",
    "\n",
    "## Analysis\n",
    "\n",
    "1. Calculate Cosine Similarities on all features except IC50\n",
    "2. Calculate % IC50 ratios on all compounds.\n",
    "3. Use heatmaps to illustrate similarities."
   ]
  },
  {
   "cell_type": "markdown",
   "metadata": {
    "deletable": true,
    "editable": true
   },
   "source": [
    "## Load Libraries"
   ]
  },
  {
   "cell_type": "code",
   "execution_count": 1,
   "metadata": {
    "collapsed": false,
    "deletable": true,
    "editable": true
   },
   "outputs": [
    {
     "name": "stderr",
     "output_type": "stream",
     "text": [
      "/Library/Python/2.7/site-packages/statsmodels/compat/pandas.py:56: FutureWarning: The pandas.core.datetools module is deprecated and will be removed in a future version. Please use the pandas.tseries module instead.\n",
      "  from pandas.core import datetools\n"
     ]
    }
   ],
   "source": [
    "# Core\n",
    "import numpy as np\n",
    "import pandas as pd\n",
    "import scipy as sp\n",
    "import scipy.stats\n",
    "import os\n",
    "import subprocess\n",
    "from __future__ import division\n",
    "import pickle\n",
    "from collections import defaultdict\n",
    "\n",
    "def install_package(name):\n",
    "    sudoPassword = ''\n",
    "    command = 'pip install ' + name\n",
    "    p = os.system('echo %s|sudo -S %s' % (sudoPassword, command))\n",
    "\n",
    "# Stats\n",
    "from statsmodels.regression import linear_model\n",
    "import statsmodels.api as sm\n",
    "\n",
    "# Preprocessing\n",
    "from sklearn.preprocessing import StandardScaler\n",
    "from sklearn.decomposition import PCA\n",
    "\n",
    "# Modeling\n",
    "from sklearn.pipeline import Pipeline\n",
    "from sklearn.linear_model import LinearRegression\n",
    "from sklearn.linear_model import LogisticRegression\n",
    "from sklearn.discriminant_analysis import LinearDiscriminantAnalysis\n",
    "from sklearn.linear_model import Lasso\n",
    "from sklearn.naive_bayes import GaussianNB\n",
    "from sklearn.svm import SVC\n",
    "from sklearn.ensemble import RandomForestRegressor\n",
    "from sklearn.ensemble import RandomForestClassifier\n",
    "from sklearn.ensemble import AdaBoostRegressor\n",
    "from sklearn.ensemble import AdaBoostClassifier\n",
    "from sklearn.cluster import KMeans\n",
    "from sklearn.neighbors import KNeighborsClassifier\n",
    "\n",
    "# Splitting\n",
    "from sklearn.model_selection import GridSearchCV\n",
    "from sklearn.model_selection import RepeatedStratifiedKFold\n",
    "from sklearn.model_selection import StratifiedKFold\n",
    "from sklearn.model_selection import train_test_split\n",
    "from sklearn.utils import shuffle\n",
    "\n",
    "# Verification\n",
    "from sklearn.model_selection import cross_validate\n",
    "from sklearn.metrics import confusion_matrix\n",
    "from sklearn.model_selection import cross_val_predict\n",
    "from sklearn.model_selection import cross_val_score\n",
    "\n",
    "# Distance | Similarity\n",
    "from scipy import spatial\n",
    "from scipy.sparse import csr_matrix\n",
    "from scipy.sparse.csgraph import minimum_spanning_tree\n",
    "\n",
    "# OR\n",
    "from skcriteria import Data, MIN, MAX\n",
    "from skcriteria.madm import closeness, simple\n",
    "\n",
    "# Plotting\n",
    "import matplotlib.pyplot as plt\n",
    "import seaborn as sns\n",
    "#from ggplot import *\n"
   ]
  },
  {
   "cell_type": "markdown",
   "metadata": {
    "deletable": true,
    "editable": true
   },
   "source": [
    "## Load data"
   ]
  },
  {
   "cell_type": "code",
   "execution_count": 2,
   "metadata": {
    "collapsed": false,
    "deletable": true,
    "editable": true
   },
   "outputs": [
    {
     "name": "stderr",
     "output_type": "stream",
     "text": [
      "/Library/Python/2.7/site-packages/IPython/core/interactiveshell.py:2717: DtypeWarning: Columns (69,123,664,1142,1143,1146,1147,1184,1185,1186,1225,1226,1227,1228,1229,1230,1249,1412) have mixed types. Specify dtype option on import or set low_memory=False.\n",
      "  interactivity=interactivity, compiler=compiler, result=result)\n"
     ]
    },
    {
     "data": {
      "text/plain": [
       "(46, 1446)"
      ]
     },
     "execution_count": 2,
     "metadata": {},
     "output_type": "execute_result"
    }
   ],
   "source": [
    "# Data Feed\n",
    "# Read in main data\n",
    "main_df = pd.read_csv(\"../../data/Series3_6.15.17_padel.csv\")\n",
    "\n",
    "# Read in placebos data\n",
    "#placebo_1 = pd.read_csv(\"../../data/Akt1_decoys_padel.csv\")\n",
    "#placebo_2 = pd.read_csv(\"../../data/AmpC_decoys_padel.csv\")\n",
    "#placebo_3 = pd.read_csv(\"../../data/cp3a4_decoys_padel.csv\")\n",
    "#placebo_4 = pd.read_csv(\"../../data/cxcr4_decoys_padel.csv\")\n",
    "#placebo_5 = pd.read_csv(\"../../data/HIVpr_decoys_padel.csv\")\n",
    "#placebo_6 = pd.read_csv(\"../../data/HIVrt_decoys_padel.csv\")\n",
    "#placebo_7 = pd.read_csv(\"../../data/Kif11_decoys_padel.csv\")\n",
    "placebo_8 = pd.read_csv(\"../../data/Selleck_filtered_padel_corrected.csv\")\n",
    "#placebo_1.insert(1, \"IC50\", pd.Series(np.array([250 for i in range(placebo_1.shape[0])], dtype=\"float64\"))) \n",
    "#placebo_2.insert(1, \"IC50\", pd.Series(np.array([250 for i in range(placebo_2.shape[0])], dtype=\"float64\"))) \n",
    "#placebo_3.insert(1, \"IC50\", pd.Series(np.array([250 for i in range(placebo_3.shape[0])], dtype=\"float64\"))) \n",
    "#placebo_4.insert(1, \"IC50\", pd.Series(np.array([250 for i in range(placebo_4.shape[0])], dtype=\"float64\"))) \n",
    "#placebo_5.insert(1, \"IC50\", pd.Series(np.array([250 for i in range(placebo_5.shape[0])], dtype=\"float64\"))) \n",
    "#placebo_6.insert(1, \"IC50\", pd.Series(np.array([250 for i in range(placebo_6.shape[0])], dtype=\"float64\"))) \n",
    "#placebo_7.insert(1, \"IC50\", pd.Series(np.array([250 for i in range(placebo_7.shape[0])], dtype=\"float64\"))) \n",
    "placebo_8.insert(1, \"IC50\", pd.Series(np.array([250 for i in range(placebo_8.shape[0])], dtype=\"float64\"))) \n",
    "\n",
    "\n",
    "# Gather our dataframes for collective manipulation\n",
    "frames = [main_df,   placebo_8]\n",
    "len(frames)\n",
    "\n",
    "# Scrub-a-dub that nasty\n",
    "row_mask=frames[0].isnull().any(axis=1) == False\n",
    "frames[0] = frames[0].loc[row_mask,:]\n",
    "\n",
    "\n",
    "frames[0].shape\n"
   ]
  },
  {
   "cell_type": "markdown",
   "metadata": {
    "collapsed": false,
    "deletable": true,
    "editable": true
   },
   "source": [
    "## Cosine Similarities | Potency Similarity Ratio"
   ]
  },
  {
   "cell_type": "code",
   "execution_count": 3,
   "metadata": {
    "collapsed": false,
    "deletable": true,
    "editable": true
   },
   "outputs": [],
   "source": [
    "nrow,ncol=frames[0].shape\n",
    "A = defaultdict(list)\n",
    "\n",
    "# Note: Cosine Similarity is between 0 and 1. No similarity or perfect similarity.\n",
    "for i in range(nrow):\n",
    "    cos_list=[]\n",
    "    ratio_list=[]\n",
    "    for j in range(nrow):\n",
    "        cos_sim = 1 - spatial.distance.cosine(frames[0].iloc[i,2:],\n",
    "                                                frames[0].iloc[j,2:])\n",
    "        ic50_sim_ratio = 1 - abs(frames[0].iloc[i,1]-frames[0].iloc[j,1])/sum([frames[0].iloc[i,1],frames[0].iloc[j,1]])\n",
    "        \n",
    "        cos_list.append(cos_sim)\n",
    "        ratio_list.append(ic50_sim_ratio)\n",
    "        \n",
    "    A[\"cosine_sim\"].append(cos_list)\n",
    "    A[\"ic50_sim_ratio\"].append(ratio_list)\n"
   ]
  },
  {
   "cell_type": "markdown",
   "metadata": {
    "deletable": true,
    "editable": true
   },
   "source": [
    "# Confirm Results"
   ]
  },
  {
   "cell_type": "code",
   "execution_count": 4,
   "metadata": {
    "collapsed": false,
    "deletable": true,
    "editable": true
   },
   "outputs": [
    {
     "data": {
      "text/plain": [
       "[[1.0,\n",
       "  0.97757327962538687,\n",
       "  0.97502799920371785,\n",
       "  0.87034293903566851,\n",
       "  0.95479694499120493,\n",
       "  0.75008393345844826,\n",
       "  0.99194452915254927,\n",
       "  0.98976085801904812,\n",
       "  0.98888872262599647,\n",
       "  0.95889371967630743,\n",
       "  0.98964664376670231,\n",
       "  0.99167512898531496,\n",
       "  0.98041246032204898,\n",
       "  0.99338090440953708,\n",
       "  0.99235931349637874,\n",
       "  0.99434561577229119,\n",
       "  0.99147874396974656,\n",
       "  0.99110037273412299,\n",
       "  0.9861522493617455,\n",
       "  0.99798490355256975,\n",
       "  0.98253483984030687,\n",
       "  0.97928067580939737,\n",
       "  0.79832943779453336,\n",
       "  0.85115828068475186,\n",
       "  0.92646482791082385,\n",
       "  0.98305804816014086,\n",
       "  0.99658925840815138,\n",
       "  0.99423114574100124,\n",
       "  0.6169262659287118,\n",
       "  0.82379918399640073,\n",
       "  0.86386584468962213,\n",
       "  0.99136638831275492,\n",
       "  0.98895997153406268,\n",
       "  0.98189758324178855,\n",
       "  0.98826234876697328,\n",
       "  0.97431923633758566,\n",
       "  0.98004596808182765,\n",
       "  0.99228168554858265,\n",
       "  0.98942536587085717,\n",
       "  0.98662050584066097,\n",
       "  0.99499485278961641,\n",
       "  0.9894354507619505,\n",
       "  0.99610836343478293,\n",
       "  0.98396064080317025,\n",
       "  0.99458240960084709,\n",
       "  0.98739496182987918],\n",
       " [0.97757327962538687,\n",
       "  1.0,\n",
       "  0.95570149630449397,\n",
       "  0.8040266034031337,\n",
       "  0.90813483543311546,\n",
       "  0.6518651927969118,\n",
       "  0.98167010588078685,\n",
       "  0.96836318294274437,\n",
       "  0.99376062620551064,\n",
       "  0.93378809594957213,\n",
       "  0.99366163419955833,\n",
       "  0.99046781348564683,\n",
       "  0.98367389694394225,\n",
       "  0.96738723730981024,\n",
       "  0.99007371528079013,\n",
       "  0.97812975531626589,\n",
       "  0.99411193629609262,\n",
       "  0.99018331604123011,\n",
       "  0.99503306014394499,\n",
       "  0.98185988399139124,\n",
       "  0.98649089775732846,\n",
       "  0.99158358076560904,\n",
       "  0.7196969789115456,\n",
       "  0.78283748878082404,\n",
       "  0.92072982169883966,\n",
       "  0.99231419681786304,\n",
       "  0.9617846094667627,\n",
       "  0.98758275655249106,\n",
       "  0.53317861091607088,\n",
       "  0.74424929153990871,\n",
       "  0.80993601406477855,\n",
       "  0.97631735479555903,\n",
       "  0.97853934157544176,\n",
       "  0.99498901531857387,\n",
       "  0.99299807605502943,\n",
       "  0.98388270023588587,\n",
       "  0.98067131202770164,\n",
       "  0.98460038690553076,\n",
       "  0.98851584841968443,\n",
       "  0.99197822395299806,\n",
       "  0.99109200146723009,\n",
       "  0.99217106328737303,\n",
       "  0.98536159974393456,\n",
       "  0.99301493920351003,\n",
       "  0.9870696914193432,\n",
       "  0.99219553257927051],\n",
       " [0.97502799920371785,\n",
       "  0.95570149630449397,\n",
       "  1.0,\n",
       "  0.86235373983712671,\n",
       "  0.95913609219214113,\n",
       "  0.77747281408588054,\n",
       "  0.9731753036104166,\n",
       "  0.99172174226399534,\n",
       "  0.96162159366824596,\n",
       "  0.9600419770397326,\n",
       "  0.96983086694970344,\n",
       "  0.95792316755480234,\n",
       "  0.9600173750187404,\n",
       "  0.96946909611009813,\n",
       "  0.97239429631137453,\n",
       "  0.98112937889528662,\n",
       "  0.96531040975957605,\n",
       "  0.96160899582273174,\n",
       "  0.95629679586882366,\n",
       "  0.98032979758193417,\n",
       "  0.95220876425659484,\n",
       "  0.93399172341739589,\n",
       "  0.83124106613119275,\n",
       "  0.87919896888273086,\n",
       "  0.97304303227286437,\n",
       "  0.94274212470296348,\n",
       "  0.97148462398616398,\n",
       "  0.96587351532132537,\n",
       "  0.63397933420295216,\n",
       "  0.87660823194752358,\n",
       "  0.91698007018564065,\n",
       "  0.9497770271043583,\n",
       "  0.9411321201160181,\n",
       "  0.94179655931562145,\n",
       "  0.95046399602676601,\n",
       "  0.92272553334749274,\n",
       "  0.92797589342403475,\n",
       "  0.9585591313128653,\n",
       "  0.94758817996163114,\n",
       "  0.94674319656997585,\n",
       "  0.96423224510597116,\n",
       "  0.95378037592470855,\n",
       "  0.96588449262723242,\n",
       "  0.94849359311935943,\n",
       "  0.96035470586896132,\n",
       "  0.94796737689149457],\n",
       " [0.87034293903566851,\n",
       "  0.8040266034031337,\n",
       "  0.86235373983712671,\n",
       "  1.0,\n",
       "  0.94911409497242438,\n",
       "  0.88507692907368563,\n",
       "  0.84560548006743708,\n",
       "  0.86399527204535576,\n",
       "  0.82916964792405368,\n",
       "  0.93526420325014636,\n",
       "  0.83468350272231295,\n",
       "  0.84076027015781918,\n",
       "  0.81717897149789764,\n",
       "  0.86569265056518319,\n",
       "  0.839290980213247,\n",
       "  0.85598676488312309,\n",
       "  0.82899337779990323,\n",
       "  0.83527619970121292,\n",
       "  0.81454744436798243,\n",
       "  0.85818579209529566,\n",
       "  0.87170501017699542,\n",
       "  0.80726732914468591,\n",
       "  0.89412380379903911,\n",
       "  0.92845319993450914,\n",
       "  0.82793420552359598,\n",
       "  0.80840571039410247,\n",
       "  0.89674130314591194,\n",
       "  0.85199172020582692,\n",
       "  0.82200806210428468,\n",
       "  0.84555558030885847,\n",
       "  0.81161839795978441,\n",
       "  0.848667519332578,\n",
       "  0.84113275043337221,\n",
       "  0.81159412071685832,\n",
       "  0.82812639474838656,\n",
       "  0.80747436914035586,\n",
       "  0.81039775388791702,\n",
       "  0.84430902263813834,\n",
       "  0.82965013923690911,\n",
       "  0.8226623508673151,\n",
       "  0.84513736867013711,\n",
       "  0.83098848799983671,\n",
       "  0.85615383623736585,\n",
       "  0.82483883959093407,\n",
       "  0.8515899565981393,\n",
       "  0.82873367829120237],\n",
       " [0.95479694499120493,\n",
       "  0.90813483543311546,\n",
       "  0.95913609219214113,\n",
       "  0.94911409497242438,\n",
       "  1.0,\n",
       "  0.88129443784396111,\n",
       "  0.9384818761154764,\n",
       "  0.95439380817865593,\n",
       "  0.92404569755511778,\n",
       "  0.99108121226883827,\n",
       "  0.93086495991966411,\n",
       "  0.93092629704577101,\n",
       "  0.91531309064367172,\n",
       "  0.94840812133938424,\n",
       "  0.93316330684580306,\n",
       "  0.94592516898200596,\n",
       "  0.92467512816578656,\n",
       "  0.92662130909214069,\n",
       "  0.91267774683020064,\n",
       "  0.94804900852023677,\n",
       "  0.95028502755780275,\n",
       "  0.9012999032600344,\n",
       "  0.9142563573807746,\n",
       "  0.95205648101699125,\n",
       "  0.9243455918404071,\n",
       "  0.90356734130522476,\n",
       "  0.96579839206094442,\n",
       "  0.94024414815573154,\n",
       "  0.79296726187277877,\n",
       "  0.87780283435815376,\n",
       "  0.88542809600850336,\n",
       "  0.93115213415942122,\n",
       "  0.92264083327220536,\n",
       "  0.90528017698530439,\n",
       "  0.92073630747675395,\n",
       "  0.8963179160707363,\n",
       "  0.90076729930647725,\n",
       "  0.93270347121163499,\n",
       "  0.91859400910906186,\n",
       "  0.91368554396389579,\n",
       "  0.93526136230230072,\n",
       "  0.92317996507994982,\n",
       "  0.94115701231796245,\n",
       "  0.91579598977835386,\n",
       "  0.93742156607531135,\n",
       "  0.91859710818001294],\n",
       " [0.75008393345844826,\n",
       "  0.6518651927969118,\n",
       "  0.77747281408588054,\n",
       "  0.88507692907368563,\n",
       "  0.88129443784396111,\n",
       "  1.0,\n",
       "  0.70377843538303808,\n",
       "  0.76851094510182416,\n",
       "  0.67332097205880692,\n",
       "  0.84381969103982279,\n",
       "  0.68578826603654919,\n",
       "  0.68502573935633571,\n",
       "  0.68616312105013755,\n",
       "  0.75510305214387963,\n",
       "  0.70569429961700458,\n",
       "  0.74056003997976827,\n",
       "  0.68585290439981372,\n",
       "  0.68570379704297979,\n",
       "  0.66815201101490984,\n",
       "  0.73490966199399599,\n",
       "  0.72873022666499121,\n",
       "  0.63616069006291731,\n",
       "  0.98558529857452137,\n",
       "  0.96648506899918118,\n",
       "  0.78048072246042866,\n",
       "  0.64932199436111993,\n",
       "  0.77891161792154284,\n",
       "  0.70926616840727708,\n",
       "  0.94440222102165872,\n",
       "  0.90369368015030893,\n",
       "  0.85156636451663659,\n",
       "  0.69854361149316646,\n",
       "  0.68773219295763521,\n",
       "  0.65079485432265172,\n",
       "  0.67487849593310167,\n",
       "  0.63687173970038058,\n",
       "  0.64832465648513204,\n",
       "  0.71271806378979541,\n",
       "  0.67076355972293611,\n",
       "  0.66827666527772034,\n",
       "  0.70579026476848716,\n",
       "  0.68468791696199527,\n",
       "  0.71276265696285168,\n",
       "  0.66014899094060164,\n",
       "  0.70096778959535677,\n",
       "  0.66777150071009794],\n",
       " [0.99194452915254927,\n",
       "  0.98167010588078685,\n",
       "  0.9731753036104166,\n",
       "  0.84560548006743708,\n",
       "  0.9384818761154764,\n",
       "  0.70377843538303808,\n",
       "  1.0,\n",
       "  0.98496259715797196,\n",
       "  0.99345633284299739,\n",
       "  0.94280370678447467,\n",
       "  0.99554339249221091,\n",
       "  0.9932151703372909,\n",
       "  0.97964597632259243,\n",
       "  0.98368470823021381,\n",
       "  0.99203943448433118,\n",
       "  0.98974174130309223,\n",
       "  0.9925869048410435,\n",
       "  0.99344972852145852,\n",
       "  0.98701812070715811,\n",
       "  0.99449192944125586,\n",
       "  0.97839294777403207,\n",
       "  0.98411857401228897,\n",
       "  0.75705639419613491,\n",
       "  0.81524702105790969,\n",
       "  0.91807358508832748,\n",
       "  0.98612342136543196,\n",
       "  0.98548649236581909,\n",
       "  0.99355598531907641,\n",
       "  0.56954793948820104,\n",
       "  0.79162426423794718,\n",
       "  0.83622236429761287,\n",
       "  0.99284824084629619,\n",
       "  0.98764629298490159,\n",
       "  0.98228989437129477,\n",
       "  0.98813066330398502,\n",
       "  0.97737572870232226,\n",
       "  0.98429930700069113,\n",
       "  0.98846089887763755,\n",
       "  0.99067817176270889,\n",
       "  0.98712633717316178,\n",
       "  0.99093901235286908,\n",
       "  0.98736959124697199,\n",
       "  0.99236332499380653,\n",
       "  0.98439213641840462,\n",
       "  0.99390624593489063,\n",
       "  0.98863472933413299],\n",
       " [0.98976085801904812,\n",
       "  0.96836318294274437,\n",
       "  0.99172174226399534,\n",
       "  0.86399527204535576,\n",
       "  0.95439380817865593,\n",
       "  0.76851094510182416,\n",
       "  0.98496259715797196,\n",
       "  1.0,\n",
       "  0.97712038735825901,\n",
       "  0.95643047227743461,\n",
       "  0.98167558825495271,\n",
       "  0.97336181577544212,\n",
       "  0.97917111342532537,\n",
       "  0.98818706647869026,\n",
       "  0.9872822172127661,\n",
       "  0.99582587657275501,\n",
       "  0.98295921745159809,\n",
       "  0.98038228796679994,\n",
       "  0.97682159742039687,\n",
       "  0.99432151334904928,\n",
       "  0.96572975568451691,\n",
       "  0.95580074800783099,\n",
       "  0.8217544727797208,\n",
       "  0.86835988454009161,\n",
       "  0.95724434407565029,\n",
       "  0.96757381896154671,\n",
       "  0.9843508499609287,\n",
       "  0.98017063640113544,\n",
       "  0.62489770694446756,\n",
       "  0.87185518505164639,\n",
       "  0.91221487258459089,\n",
       "  0.97137205828947304,\n",
       "  0.96691923827821313,\n",
       "  0.96430565600442741,\n",
       "  0.96946105775989899,\n",
       "  0.94756537787617534,\n",
       "  0.95688464425026709,\n",
       "  0.9784096345346589,\n",
       "  0.96928055282458869,\n",
       "  0.96953315584041522,\n",
       "  0.98173783503475498,\n",
       "  0.97380612042621539,\n",
       "  0.98185639881343412,\n",
       "  0.9659870053194457,\n",
       "  0.9771756970180786,\n",
       "  0.96866080108682029],\n",
       " [0.98888872262599647,\n",
       "  0.99376062620551064,\n",
       "  0.96162159366824596,\n",
       "  0.82916964792405368,\n",
       "  0.92404569755511778,\n",
       "  0.67332097205880692,\n",
       "  0.99345633284299739,\n",
       "  0.97712038735825901,\n",
       "  1.0,\n",
       "  0.94129861942694826,\n",
       "  0.99859887576542761,\n",
       "  0.99776995482442266,\n",
       "  0.98783467374175338,\n",
       "  0.98047404070619926,\n",
       "  0.99500065525552372,\n",
       "  0.98849480482018859,\n",
       "  0.99748457574500071,\n",
       "  0.99700680112981033,\n",
       "  0.99599437924244894,\n",
       "  0.99151256341983773,\n",
       "  0.9873146218110167,\n",
       "  0.99421498143985687,\n",
       "  0.7344038057841531,\n",
       "  0.79759928943626957,\n",
       "  0.91657019406598639,\n",
       "  0.99559581384294971,\n",
       "  0.97738693665342058,\n",
       "  0.99636654522041301,\n",
       "  0.54783175468133094,\n",
       "  0.76089789166783772,\n",
       "  0.81884888755535101,\n",
       "  0.99100518401066817,\n",
       "  0.99101929564800528,\n",
       "  0.9943581043616907,\n",
       "  0.99524315519226791,\n",
       "  0.9869305314985054,\n",
       "  0.98902228146424698,\n",
       "  0.99183467314000551,\n",
       "  0.9962542731406171,\n",
       "  0.99473051326837603,\n",
       "  0.99582664809640087,\n",
       "  0.99465207278173728,\n",
       "  0.99407363957611339,\n",
       "  0.99389599297925202,\n",
       "  0.9960084785805231,\n",
       "  0.99656641062077922],\n",
       " [0.95889371967630743,\n",
       "  0.93378809594957213,\n",
       "  0.9600419770397326,\n",
       "  0.93526420325014636,\n",
       "  0.99108121226883827,\n",
       "  0.84381969103982279,\n",
       "  0.94280370678447467,\n",
       "  0.95643047227743461,\n",
       "  0.94129861942694826,\n",
       "  1.0,\n",
       "  0.94640585452862813,\n",
       "  0.94536472993877041,\n",
       "  0.93334847894029138,\n",
       "  0.95034625006807172,\n",
       "  0.94536580729885111,\n",
       "  0.95276170060741927,\n",
       "  0.94006278358562922,\n",
       "  0.93927310099722816,\n",
       "  0.9327147417230881,\n",
       "  0.95374052868642767,\n",
       "  0.96959273757667408,\n",
       "  0.92126114068600173,\n",
       "  0.88869206297882275,\n",
       "  0.93542242791436725,\n",
       "  0.93561027270578523,\n",
       "  0.92348564702602931,\n",
       "  0.96371730449416559,\n",
       "  0.9511483104517845,\n",
       "  0.75960369060566912,\n",
       "  0.84928417855645577,\n",
       "  0.87441403930609496,\n",
       "  0.93585936841779871,\n",
       "  0.93143048003990181,\n",
       "  0.92779552162109513,\n",
       "  0.93729105532811563,\n",
       "  0.91350502593345206,\n",
       "  0.9129889603031951,\n",
       "  0.94315419254371435,\n",
       "  0.93254799646648701,\n",
       "  0.93083656212321408,\n",
       "  0.9488150100686833,\n",
       "  0.93928942593838838,\n",
       "  0.95033808315331669,\n",
       "  0.93536904154983347,\n",
       "  0.94870157176467806,\n",
       "  0.93685632591236701]]"
      ]
     },
     "execution_count": 4,
     "metadata": {},
     "output_type": "execute_result"
    }
   ],
   "source": [
    "A[\"cosine_sim\"][:10]\n"
   ]
  },
  {
   "cell_type": "code",
   "execution_count": 5,
   "metadata": {
    "collapsed": false,
    "deletable": true,
    "editable": true
   },
   "outputs": [
    {
     "name": "stdout",
     "output_type": "stream",
     "text": [
      "0.977573279625\n",
      "0.975027999204\n"
     ]
    }
   ],
   "source": [
    "# Fact check to make sure this thing is working right\n",
    "x = 1 - spatial.distance.cosine(frames[0].iloc[0,2:],\n",
    "                                frames[0].iloc[1,2:])\n",
    "y = 1 - spatial.distance.cosine(frames[0].iloc[0,2:],\n",
    "                                frames[0].iloc[2,2:])\n",
    "\n",
    "print(x)\n",
    "print(y)\n",
    "\n",
    "# Then check if it is symetric.\n",
    "\n",
    "# Passed both tests.\n"
   ]
  },
  {
   "cell_type": "code",
   "execution_count": 6,
   "metadata": {
    "collapsed": false,
    "deletable": true,
    "editable": true
   },
   "outputs": [
    {
     "data": {
      "text/plain": [
       "[[1.0,\n",
       "  0.0071741729772817342,\n",
       "  0.0014389639459589931,\n",
       "  0.0014389639459589931,\n",
       "  0.0014389639459589931,\n",
       "  0.0089596814335489716,\n",
       "  0.0014389639459589931,\n",
       "  0.0014389639459589931,\n",
       "  0.0020550291129125542,\n",
       "  0.0014389639459589931,\n",
       "  0.0015987210231814819,\n",
       "  0.0015987210231814819,\n",
       "  0.001798381456689091,\n",
       "  0.0014389639459589931,\n",
       "  0.0014389639459589931,\n",
       "  0.0014389639459589931,\n",
       "  0.0014389639459589931,\n",
       "  0.0028758587633808119,\n",
       "  0.0014389639459589931,\n",
       "  0.0014389639459589931,\n",
       "  0.0047885075818036027,\n",
       "  0.041474654377880227,\n",
       "  0.0071741729772817342,\n",
       "  0.0071741729772817342,\n",
       "  0.0071741729772817342,\n",
       "  0.035363457760314354,\n",
       "  0.0071741729772817342,\n",
       "  0.0071741729772817342,\n",
       "  0.0014389639459589931,\n",
       "  0.007630351844001626,\n",
       "  0.0014389639459589931,\n",
       "  0.00071974089327841995,\n",
       "  0.0040825584032662121,\n",
       "  0.00071974089327841995,\n",
       "  0.00071974089327841995,\n",
       "  0.00071974089327841995,\n",
       "  0.00071974089327841995,\n",
       "  0.00071974089327841995,\n",
       "  0.0028758587633808119,\n",
       "  0.0014389639459589931,\n",
       "  0.0014389639459589931,\n",
       "  0.0014389639459589931,\n",
       "  0.0014389639459589931,\n",
       "  0.0014389639459589931,\n",
       "  0.0014389639459589931,\n",
       "  0.0038843331894692357],\n",
       " [0.0071741729772817342,\n",
       "  1.0,\n",
       "  0.33333333333333337,\n",
       "  0.33333333333333337,\n",
       "  0.33333333333333337,\n",
       "  0.88888888888888884,\n",
       "  0.33333333333333337,\n",
       "  0.33333333333333337,\n",
       "  0.44444444444444442,\n",
       "  0.33333333333333337,\n",
       "  0.36363636363636365,\n",
       "  0.36363636363636365,\n",
       "  0.40000000000000002,\n",
       "  0.33333333333333337,\n",
       "  0.33333333333333337,\n",
       "  0.33333333333333337,\n",
       "  0.33333333333333337,\n",
       "  0.5714285714285714,\n",
       "  0.33333333333333337,\n",
       "  0.33333333333333337,\n",
       "  0.80000000000000004,\n",
       "  0.29059829059829045,\n",
       "  1.0,\n",
       "  1.0,\n",
       "  1.0,\n",
       "  0.33333333333333337,\n",
       "  1.0,\n",
       "  1.0,\n",
       "  0.33333333333333337,\n",
       "  0.96907216494845361,\n",
       "  0.33333333333333337,\n",
       "  0.18181818181818177,\n",
       "  0.72463768115942018,\n",
       "  0.18181818181818177,\n",
       "  0.18181818181818177,\n",
       "  0.18181818181818177,\n",
       "  0.18181818181818177,\n",
       "  0.18181818181818177,\n",
       "  0.5714285714285714,\n",
       "  0.33333333333333337,\n",
       "  0.33333333333333337,\n",
       "  0.33333333333333337,\n",
       "  0.33333333333333337,\n",
       "  0.33333333333333337,\n",
       "  0.33333333333333337,\n",
       "  0.70175438596491224],\n",
       " [0.0014389639459589931,\n",
       "  0.33333333333333337,\n",
       "  1.0,\n",
       "  1.0,\n",
       "  1.0,\n",
       "  0.27586206896551724,\n",
       "  1.0,\n",
       "  1.0,\n",
       "  0.82352941176470584,\n",
       "  1.0,\n",
       "  0.94736842105263164,\n",
       "  0.94736842105263164,\n",
       "  0.88888888888888884,\n",
       "  1.0,\n",
       "  1.0,\n",
       "  1.0,\n",
       "  1.0,\n",
       "  0.66666666666666674,\n",
       "  1.0,\n",
       "  1.0,\n",
       "  0.46153846153846156,\n",
       "  0.065764023210831857,\n",
       "  0.33333333333333337,\n",
       "  0.33333333333333337,\n",
       "  0.33333333333333337,\n",
       "  0.076923076923076872,\n",
       "  0.33333333333333337,\n",
       "  0.33333333333333337,\n",
       "  1.0,\n",
       "  0.3164983164983165,\n",
       "  1.0,\n",
       "  0.66666666666666674,\n",
       "  0.52071005917159763,\n",
       "  0.66666666666666674,\n",
       "  0.66666666666666674,\n",
       "  0.66666666666666674,\n",
       "  0.66666666666666674,\n",
       "  0.66666666666666674,\n",
       "  0.66666666666666674,\n",
       "  1.0,\n",
       "  1.0,\n",
       "  1.0,\n",
       "  1.0,\n",
       "  1.0,\n",
       "  1.0,\n",
       "  0.54014598540145986],\n",
       " [0.0014389639459589931,\n",
       "  0.33333333333333337,\n",
       "  1.0,\n",
       "  1.0,\n",
       "  1.0,\n",
       "  0.27586206896551724,\n",
       "  1.0,\n",
       "  1.0,\n",
       "  0.82352941176470584,\n",
       "  1.0,\n",
       "  0.94736842105263164,\n",
       "  0.94736842105263164,\n",
       "  0.88888888888888884,\n",
       "  1.0,\n",
       "  1.0,\n",
       "  1.0,\n",
       "  1.0,\n",
       "  0.66666666666666674,\n",
       "  1.0,\n",
       "  1.0,\n",
       "  0.46153846153846156,\n",
       "  0.065764023210831857,\n",
       "  0.33333333333333337,\n",
       "  0.33333333333333337,\n",
       "  0.33333333333333337,\n",
       "  0.076923076923076872,\n",
       "  0.33333333333333337,\n",
       "  0.33333333333333337,\n",
       "  1.0,\n",
       "  0.3164983164983165,\n",
       "  1.0,\n",
       "  0.66666666666666674,\n",
       "  0.52071005917159763,\n",
       "  0.66666666666666674,\n",
       "  0.66666666666666674,\n",
       "  0.66666666666666674,\n",
       "  0.66666666666666674,\n",
       "  0.66666666666666674,\n",
       "  0.66666666666666674,\n",
       "  1.0,\n",
       "  1.0,\n",
       "  1.0,\n",
       "  1.0,\n",
       "  1.0,\n",
       "  1.0,\n",
       "  0.54014598540145986],\n",
       " [0.0014389639459589931,\n",
       "  0.33333333333333337,\n",
       "  1.0,\n",
       "  1.0,\n",
       "  1.0,\n",
       "  0.27586206896551724,\n",
       "  1.0,\n",
       "  1.0,\n",
       "  0.82352941176470584,\n",
       "  1.0,\n",
       "  0.94736842105263164,\n",
       "  0.94736842105263164,\n",
       "  0.88888888888888884,\n",
       "  1.0,\n",
       "  1.0,\n",
       "  1.0,\n",
       "  1.0,\n",
       "  0.66666666666666674,\n",
       "  1.0,\n",
       "  1.0,\n",
       "  0.46153846153846156,\n",
       "  0.065764023210831857,\n",
       "  0.33333333333333337,\n",
       "  0.33333333333333337,\n",
       "  0.33333333333333337,\n",
       "  0.076923076923076872,\n",
       "  0.33333333333333337,\n",
       "  0.33333333333333337,\n",
       "  1.0,\n",
       "  0.3164983164983165,\n",
       "  1.0,\n",
       "  0.66666666666666674,\n",
       "  0.52071005917159763,\n",
       "  0.66666666666666674,\n",
       "  0.66666666666666674,\n",
       "  0.66666666666666674,\n",
       "  0.66666666666666674,\n",
       "  0.66666666666666674,\n",
       "  0.66666666666666674,\n",
       "  1.0,\n",
       "  1.0,\n",
       "  1.0,\n",
       "  1.0,\n",
       "  1.0,\n",
       "  1.0,\n",
       "  0.54014598540145986],\n",
       " [0.0089596814335489716,\n",
       "  0.88888888888888884,\n",
       "  0.27586206896551724,\n",
       "  0.27586206896551724,\n",
       "  0.27586206896551724,\n",
       "  1.0,\n",
       "  0.27586206896551724,\n",
       "  0.27586206896551724,\n",
       "  0.37209302325581395,\n",
       "  0.27586206896551724,\n",
       "  0.30188679245283023,\n",
       "  0.30188679245283023,\n",
       "  0.33333333333333337,\n",
       "  0.27586206896551724,\n",
       "  0.27586206896551724,\n",
       "  0.27586206896551724,\n",
       "  0.27586206896551724,\n",
       "  0.48484848484848486,\n",
       "  0.27586206896551724,\n",
       "  0.27586206896551724,\n",
       "  0.69565217391304346,\n",
       "  0.35051546391752575,\n",
       "  0.88888888888888884,\n",
       "  0.88888888888888884,\n",
       "  0.88888888888888884,\n",
       "  0.40000000000000002,\n",
       "  0.88888888888888884,\n",
       "  0.88888888888888884,\n",
       "  0.27586206896551724,\n",
       "  0.91954022988505746,\n",
       "  0.27586206896551724,\n",
       "  0.14814814814814814,\n",
       "  0.625,\n",
       "  0.14814814814814814,\n",
       "  0.14814814814814814,\n",
       "  0.14814814814814814,\n",
       "  0.14814814814814814,\n",
       "  0.14814814814814814,\n",
       "  0.48484848484848486,\n",
       "  0.27586206896551724,\n",
       "  0.27586206896551724,\n",
       "  0.27586206896551724,\n",
       "  0.27586206896551724,\n",
       "  0.27586206896551724,\n",
       "  0.27586206896551724,\n",
       "  0.60377358490566035],\n",
       " [0.0014389639459589931,\n",
       "  0.33333333333333337,\n",
       "  1.0,\n",
       "  1.0,\n",
       "  1.0,\n",
       "  0.27586206896551724,\n",
       "  1.0,\n",
       "  1.0,\n",
       "  0.82352941176470584,\n",
       "  1.0,\n",
       "  0.94736842105263164,\n",
       "  0.94736842105263164,\n",
       "  0.88888888888888884,\n",
       "  1.0,\n",
       "  1.0,\n",
       "  1.0,\n",
       "  1.0,\n",
       "  0.66666666666666674,\n",
       "  1.0,\n",
       "  1.0,\n",
       "  0.46153846153846156,\n",
       "  0.065764023210831857,\n",
       "  0.33333333333333337,\n",
       "  0.33333333333333337,\n",
       "  0.33333333333333337,\n",
       "  0.076923076923076872,\n",
       "  0.33333333333333337,\n",
       "  0.33333333333333337,\n",
       "  1.0,\n",
       "  0.3164983164983165,\n",
       "  1.0,\n",
       "  0.66666666666666674,\n",
       "  0.52071005917159763,\n",
       "  0.66666666666666674,\n",
       "  0.66666666666666674,\n",
       "  0.66666666666666674,\n",
       "  0.66666666666666674,\n",
       "  0.66666666666666674,\n",
       "  0.66666666666666674,\n",
       "  1.0,\n",
       "  1.0,\n",
       "  1.0,\n",
       "  1.0,\n",
       "  1.0,\n",
       "  1.0,\n",
       "  0.54014598540145986],\n",
       " [0.0014389639459589931,\n",
       "  0.33333333333333337,\n",
       "  1.0,\n",
       "  1.0,\n",
       "  1.0,\n",
       "  0.27586206896551724,\n",
       "  1.0,\n",
       "  1.0,\n",
       "  0.82352941176470584,\n",
       "  1.0,\n",
       "  0.94736842105263164,\n",
       "  0.94736842105263164,\n",
       "  0.88888888888888884,\n",
       "  1.0,\n",
       "  1.0,\n",
       "  1.0,\n",
       "  1.0,\n",
       "  0.66666666666666674,\n",
       "  1.0,\n",
       "  1.0,\n",
       "  0.46153846153846156,\n",
       "  0.065764023210831857,\n",
       "  0.33333333333333337,\n",
       "  0.33333333333333337,\n",
       "  0.33333333333333337,\n",
       "  0.076923076923076872,\n",
       "  0.33333333333333337,\n",
       "  0.33333333333333337,\n",
       "  1.0,\n",
       "  0.3164983164983165,\n",
       "  1.0,\n",
       "  0.66666666666666674,\n",
       "  0.52071005917159763,\n",
       "  0.66666666666666674,\n",
       "  0.66666666666666674,\n",
       "  0.66666666666666674,\n",
       "  0.66666666666666674,\n",
       "  0.66666666666666674,\n",
       "  0.66666666666666674,\n",
       "  1.0,\n",
       "  1.0,\n",
       "  1.0,\n",
       "  1.0,\n",
       "  1.0,\n",
       "  1.0,\n",
       "  0.54014598540145986],\n",
       " [0.0020550291129125542,\n",
       "  0.44444444444444442,\n",
       "  0.82352941176470584,\n",
       "  0.82352941176470584,\n",
       "  0.82352941176470584,\n",
       "  0.37209302325581395,\n",
       "  0.82352941176470584,\n",
       "  0.82352941176470584,\n",
       "  1.0,\n",
       "  0.82352941176470584,\n",
       "  0.875,\n",
       "  0.875,\n",
       "  0.93333333333333335,\n",
       "  0.82352941176470584,\n",
       "  0.82352941176470584,\n",
       "  0.82352941176470584,\n",
       "  0.82352941176470584,\n",
       "  0.83333333333333337,\n",
       "  0.82352941176470584,\n",
       "  0.82352941176470584,\n",
       "  0.59999999999999998,\n",
       "  0.092643051771117313,\n",
       "  0.44444444444444442,\n",
       "  0.44444444444444442,\n",
       "  0.44444444444444442,\n",
       "  0.10810810810810811,\n",
       "  0.44444444444444442,\n",
       "  0.44444444444444442,\n",
       "  0.82352941176470584,\n",
       "  0.42342342342342343,\n",
       "  0.82352941176470584,\n",
       "  0.5185185185185186,\n",
       "  0.66920152091254759,\n",
       "  0.5185185185185186,\n",
       "  0.5185185185185186,\n",
       "  0.5185185185185186,\n",
       "  0.5185185185185186,\n",
       "  0.5185185185185186,\n",
       "  0.83333333333333337,\n",
       "  0.82352941176470584,\n",
       "  0.82352941176470584,\n",
       "  0.82352941176470584,\n",
       "  0.82352941176470584,\n",
       "  0.82352941176470584,\n",
       "  0.82352941176470584,\n",
       "  0.69158878504672905],\n",
       " [0.0014389639459589931,\n",
       "  0.33333333333333337,\n",
       "  1.0,\n",
       "  1.0,\n",
       "  1.0,\n",
       "  0.27586206896551724,\n",
       "  1.0,\n",
       "  1.0,\n",
       "  0.82352941176470584,\n",
       "  1.0,\n",
       "  0.94736842105263164,\n",
       "  0.94736842105263164,\n",
       "  0.88888888888888884,\n",
       "  1.0,\n",
       "  1.0,\n",
       "  1.0,\n",
       "  1.0,\n",
       "  0.66666666666666674,\n",
       "  1.0,\n",
       "  1.0,\n",
       "  0.46153846153846156,\n",
       "  0.065764023210831857,\n",
       "  0.33333333333333337,\n",
       "  0.33333333333333337,\n",
       "  0.33333333333333337,\n",
       "  0.076923076923076872,\n",
       "  0.33333333333333337,\n",
       "  0.33333333333333337,\n",
       "  1.0,\n",
       "  0.3164983164983165,\n",
       "  1.0,\n",
       "  0.66666666666666674,\n",
       "  0.52071005917159763,\n",
       "  0.66666666666666674,\n",
       "  0.66666666666666674,\n",
